 1.00000000000000000000 1.00000000000000000000 1.00000000000000000000 0 0 0
 51.00000000000000000000 51.00000000000000000000 51.00000000000000000000 0 0 0
 101.00000000000000000000 100.00000000000000000000 100.00000000000000000000 0 0 0
 151.00000000000000000000 150.00000000000000000000 150.00000000000000000000 0 0 0
 201.00000000000000000000 199.00000000000000000000 199.00000000000000000000 0 0 0
 251.00000000000000000000 249.00000000000000000000 249.00000000000000000000 0 0 0
 301.00000000000000000000 301.00000000000000000000 301.00000000000000000000 0 0 0
 351.00000000000000000000 349.00000000000000000000 348.60000000000000000000 .40000000000000000000 0 0
 401.00000000000000000000 401.00000000000000000000 401.00000000000000000000 0 0 0
 451.00000000000000000000 448.00000000000000000000 447.60000000000000000000 .40000000000000000000 0 0
 501.00000000000000000000 498.00000000000000000000 498.00000000000000000000 0 0 0
 551.00000000000000000000 548.00000000000000000000 548.00000000000000000000 0 0 0
 601.00000000000000000000 598.00000000000000000000 598.00000000000000000000 0 0 0
 651.00000000000000000000 649.00000000000000000000 648.20000000000000000000 .80000000000000000000 0 0
 701.00000000000000000000 699.00000000000000000000 699.00000000000000000000 0 0 0
 751.00000000000000000000 748.00000000000000000000 747.00000000000000000000 1.00000000000000000000 0 0
 801.00000000000000000000 799.00000000000000000000 797.40000000000000000000 1.60000000000000000000 0 0
 851.00000000000000000000 847.00000000000000000000 846.00000000000000000000 1.00000000000000000000 0 0
 901.00000000000000000000 896.00000000000000000000 895.20000000000000000000 .80000000000000000000 0 0
 951.00000000000000000000 948.00000000000000000000 946.40000000000000000000 1.60000000000000000000 0 0
 1001.00000000000000000000 999.00000000000000000000 997.00000000000000000000 2.00000000000000000000 0 0
 1051.00000000000000000000 1048.00000000000000000000 1046.40000000000000000000 1.60000000000000000000 0 0
 1101.00000000000000000000 1097.00000000000000000000 1095.20000000000000000000 1.80000000000000000000 0 0
 1151.00000000000000000000 1147.00000000000000000000 1145.20000000000000000000 1.80000000000000000000 0 0
 1201.00000000000000000000 1196.00000000000000000000 1195.00000000000000000000 1.00000000000000000000 0 0
 1251.00000000000000000000 1245.00000000000000000000 1242.80000000000000000000 2.20000000000000000000 0 0
 1301.00000000000000000000 1296.00000000000000000000 1294.60000000000000000000 1.40000000000000000000 0 0
 1351.00000000000000000000 1347.00000000000000000000 1344.20000000000000000000 2.80000000000000000000 0 0
 1401.00000000000000000000 1397.00000000000000000000 1394.60000000000000000000 2.40000000000000000000 0 0
 1451.00000000000000000000 1445.00000000000000000000 1441.60000000000000000000 3.40000000000000000000 0 0
 1501.00000000000000000000 1495.00000000000000000000 1493.20000000000000000000 1.80000000000000000000 0 0
 1551.00000000000000000000 1544.00000000000000000000 1542.80000000000000000000 1.20000000000000000000 0 0
 1601.00000000000000000000 1596.00000000000000000000 1593.00000000000000000000 3.00000000000000000000 0 0
 1651.00000000000000000000 1648.00000000000000000000 1645.40000000000000000000 2.60000000000000000000 0 0
 1701.00000000000000000000 1697.00000000000000000000 1694.20000000000000000000 2.80000000000000000000 0 0
 1751.00000000000000000000 1745.00000000000000000000 1740.60000000000000000000 4.40000000000000000000 0 0
 1801.00000000000000000000 1794.00000000000000000000 1791.60000000000000000000 2.40000000000000000000 0 0
 1851.00000000000000000000 1844.00000000000000000000 1840.40000000000000000000 3.60000000000000000000 0 0
 1901.00000000000000000000 1895.00000000000000000000 1888.80000000000000000000 6.20000000000000000000 0 0
 1951.00000000000000000000 1947.00000000000000000000 1942.80000000000000000000 4.20000000000000000000 0 0
 2001.00000000000000000000 1995.00000000000000000000 1990.60000000000000000000 4.40000000000000000000 0 0
 2051.00000000000000000000 2044.00000000000000000000 2040.00000000000000000000 4.00000000000000000000 0 0
 2101.00000000000000000000 2093.00000000000000000000 2087.80000000000000000000 5.20000000000000000000 0 0
 2151.00000000000000000000 2143.00000000000000000000 2137.40000000000000000000 5.60000000000000000000 0 0
 2201.00000000000000000000 2193.00000000000000000000 2185.40000000000000000000 7.60000000000000000000 0 0
 2251.00000000000000000000 2246.00000000000000000000 2242.20000000000000000000 3.80000000000000000000 0 0
 2301.00000000000000000000 2294.00000000000000000000 2286.40000000000000000000 7.60000000000000000000 0 0
 2351.00000000000000000000 2344.00000000000000000000 2338.00000000000000000000 6.00000000000000000000 0 0
 2401.00000000000000000000 2393.00000000000000000000 2387.20000000000000000000 5.80000000000000000000 0 0
 2451.00000000000000000000 2441.00000000000000000000 2437.40000000000000000000 3.60000000000000000000 0 0
 2501.00000000000000000000 2491.00000000000000000000 2484.00000000000000000000 7.00000000000000000000 0 0
