 1.00000000000000000000 1.00000000000000000000 1.00000000000000000000 0 0 0
 51.00000000000000000000 51.00000000000000000000 51.00000000000000000000 0 0 0
 101.00000000000000000000 100.00000000000000000000 99.80000000000000000000 .20000000000000000000 0 0
 151.00000000000000000000 150.00000000000000000000 149.20000000000000000000 .80000000000000000000 0 0
 201.00000000000000000000 199.00000000000000000000 196.20000000000000000000 2.80000000000000000000 0 0
 251.00000000000000000000 249.00000000000000000000 242.40000000000000000000 6.60000000000000000000 0 0
 301.00000000000000000000 301.00000000000000000000 291.60000000000000000000 9.40000000000000000000 0 0
 351.00000000000000000000 349.00000000000000000000 334.00000000000000000000 14.80000000000000000000 .20000000000000000000 0
 401.00000000000000000000 401.00000000000000000000 383.20000000000000000000 17.80000000000000000000 0 0
 451.00000000000000000000 448.00000000000000000000 427.60000000000000000000 20.20000000000000000000 .20000000000000000000 0
 501.00000000000000000000 498.00000000000000000000 472.40000000000000000000 25.00000000000000000000 .60000000000000000000 0
 551.00000000000000000000 548.00000000000000000000 512.20000000000000000000 35.20000000000000000000 .60000000000000000000 0
 601.00000000000000000000 598.00000000000000000000 559.60000000000000000000 37.80000000000000000000 .60000000000000000000 0
 651.00000000000000000000 649.00000000000000000000 608.00000000000000000000 40.40000000000000000000 .60000000000000000000 0
 701.00000000000000000000 699.00000000000000000000 650.60000000000000000000 48.00000000000000000000 .40000000000000000000 0
 751.00000000000000000000 748.00000000000000000000 695.60000000000000000000 51.80000000000000000000 .60000000000000000000 0
 801.00000000000000000000 799.00000000000000000000 738.60000000000000000000 58.40000000000000000000 2.00000000000000000000 0
 851.00000000000000000000 847.00000000000000000000 780.20000000000000000000 65.60000000000000000000 1.20000000000000000000 0
 901.00000000000000000000 896.00000000000000000000 823.40000000000000000000 70.60000000000000000000 2.00000000000000000000 0
 951.00000000000000000000 948.00000000000000000000 868.40000000000000000000 76.60000000000000000000 3.00000000000000000000 0
 1001.00000000000000000000 999.00000000000000000000 897.00000000000000000000 97.20000000000000000000 4.80000000000000000000 0
 1051.00000000000000000000 1048.00000000000000000000 939.80000000000000000000 102.80000000000000000000 5.40000000000000000000 0
 1101.00000000000000000000 1097.00000000000000000000 975.60000000000000000000 117.20000000000000000000 4.20000000000000000000 0
 1151.00000000000000000000 1147.00000000000000000000 1010.60000000000000000000 130.80000000000000000000 5.60000000000000000000 0
 1201.00000000000000000000 1196.00000000000000000000 1064.20000000000000000000 125.00000000000000000000 6.80000000000000000000 0
 1251.00000000000000000000 1245.00000000000000000000 1095.80000000000000000000 140.40000000000000000000 8.80000000000000000000 0
 1301.00000000000000000000 1296.00000000000000000000 1132.20000000000000000000 155.20000000000000000000 8.60000000000000000000 0
 1351.00000000000000000000 1347.00000000000000000000 1165.00000000000000000000 171.40000000000000000000 10.60000000000000000000 0
 1401.00000000000000000000 1397.00000000000000000000 1219.20000000000000000000 165.00000000000000000000 12.80000000000000000000 0
 1451.00000000000000000000 1445.00000000000000000000 1250.00000000000000000000 176.40000000000000000000 18.60000000000000000000 0
 1501.00000000000000000000 1495.00000000000000000000 1284.40000000000000000000 193.60000000000000000000 17.00000000000000000000 0
 1551.00000000000000000000 1544.00000000000000000000 1314.80000000000000000000 211.00000000000000000000 18.20000000000000000000 0
 1601.00000000000000000000 1596.00000000000000000000 1359.80000000000000000000 217.60000000000000000000 18.60000000000000000000 0
 1651.00000000000000000000 1648.00000000000000000000 1391.40000000000000000000 233.40000000000000000000 23.20000000000000000000 0
 1701.00000000000000000000 1697.00000000000000000000 1432.60000000000000000000 242.60000000000000000000 21.80000000000000000000 0
 1751.00000000000000000000 1745.00000000000000000000 1472.80000000000000000000 247.40000000000000000000 24.80000000000000000000 0
 1801.00000000000000000000 1794.00000000000000000000 1476.40000000000000000000 286.40000000000000000000 31.20000000000000000000 0
 1851.00000000000000000000 1844.00000000000000000000 1528.80000000000000000000 282.80000000000000000000 32.40000000000000000000 0
 1901.00000000000000000000 1895.00000000000000000000 1563.40000000000000000000 296.20000000000000000000 35.40000000000000000000 0
 1951.00000000000000000000 1947.00000000000000000000 1593.60000000000000000000 313.80000000000000000000 39.60000000000000000000 0
 2001.00000000000000000000 1995.00000000000000000000 1613.20000000000000000000 336.60000000000000000000 45.20000000000000000000 0
 2051.00000000000000000000 2044.00000000000000000000 1659.80000000000000000000 335.40000000000000000000 48.80000000000000000000 0
 2101.00000000000000000000 2093.00000000000000000000 1683.00000000000000000000 357.40000000000000000000 52.60000000000000000000 0
 2151.00000000000000000000 2143.00000000000000000000 1718.00000000000000000000 367.20000000000000000000 57.80000000000000000000 0
 2201.00000000000000000000 2193.00000000000000000000 1743.20000000000000000000 389.00000000000000000000 60.80000000000000000000 0
 2251.00000000000000000000 2246.00000000000000000000 1771.80000000000000000000 410.80000000000000000000 63.40000000000000000000 0
 2301.00000000000000000000 2294.00000000000000000000 1807.60000000000000000000 413.20000000000000000000 73.20000000000000000000 0
 2351.00000000000000000000 2344.00000000000000000000 1842.00000000000000000000 435.40000000000000000000 66.60000000000000000000 0
 2401.00000000000000000000 2393.00000000000000000000 1859.60000000000000000000 455.80000000000000000000 77.60000000000000000000 0
 2451.00000000000000000000 2441.00000000000000000000 1877.40000000000000000000 480.60000000000000000000 83.00000000000000000000 0
 2501.00000000000000000000 2491.00000000000000000000 1924.00000000000000000000 481.20000000000000000000 85.80000000000000000000 0
