 1.00000000000000000000 1.00000000000000000000 1.00000000000000000000 0 0 0
 51.00000000000000000000 51.00000000000000000000 50.60000000000000000000 .40000000000000000000 0 0
 101.00000000000000000000 100.00000000000000000000 98.80000000000000000000 1.20000000000000000000 0 0
 151.00000000000000000000 150.00000000000000000000 145.20000000000000000000 4.80000000000000000000 0 0
 201.00000000000000000000 199.00000000000000000000 188.80000000000000000000 10.00000000000000000000 .20000000000000000000 0
 251.00000000000000000000 249.00000000000000000000 235.00000000000000000000 13.00000000000000000000 1.00000000000000000000 0
 301.00000000000000000000 301.00000000000000000000 271.60000000000000000000 28.20000000000000000000 1.20000000000000000000 0
 351.00000000000000000000 349.00000000000000000000 313.40000000000000000000 34.80000000000000000000 .80000000000000000000 0
 401.00000000000000000000 401.00000000000000000000 353.80000000000000000000 45.40000000000000000000 1.80000000000000000000 0
 451.00000000000000000000 448.00000000000000000000 386.60000000000000000000 58.00000000000000000000 3.40000000000000000000 0
 501.00000000000000000000 498.00000000000000000000 425.20000000000000000000 66.20000000000000000000 6.60000000000000000000 0
 551.00000000000000000000 548.00000000000000000000 457.40000000000000000000 81.40000000000000000000 9.20000000000000000000 0
 601.00000000000000000000 598.00000000000000000000 499.80000000000000000000 89.20000000000000000000 9.00000000000000000000 0
 651.00000000000000000000 649.00000000000000000000 530.20000000000000000000 103.80000000000000000000 15.00000000000000000000 0
 701.00000000000000000000 699.00000000000000000000 565.00000000000000000000 118.20000000000000000000 15.80000000000000000000 0
 751.00000000000000000000 748.00000000000000000000 599.00000000000000000000 132.80000000000000000000 16.20000000000000000000 0
 801.00000000000000000000 799.00000000000000000000 623.20000000000000000000 146.20000000000000000000 29.60000000000000000000 0
 851.00000000000000000000 847.00000000000000000000 657.00000000000000000000 159.20000000000000000000 30.80000000000000000000 0
 901.00000000000000000000 896.00000000000000000000 676.80000000000000000000 182.00000000000000000000 37.20000000000000000000 0
 951.00000000000000000000 948.00000000000000000000 713.20000000000000000000 192.60000000000000000000 42.20000000000000000000 0
 1001.00000000000000000000 999.00000000000000000000 726.60000000000000000000 215.20000000000000000000 57.20000000000000000000 0
 1051.00000000000000000000 1048.00000000000000000000 755.60000000000000000000 227.80000000000000000000 64.60000000000000000000 0
 1101.00000000000000000000 1097.00000000000000000000 769.40000000000000000000 255.80000000000000000000 71.80000000000000000000 0
 1151.00000000000000000000 1147.00000000000000000000 797.80000000000000000000 264.20000000000000000000 85.00000000000000000000 0
 1201.00000000000000000000 1196.00000000000000000000 829.00000000000000000000 271.20000000000000000000 95.80000000000000000000 0
 1251.00000000000000000000 1245.00000000000000000000 833.80000000000000000000 306.20000000000000000000 105.00000000000000000000 0
 1301.00000000000000000000 1296.00000000000000000000 857.20000000000000000000 318.20000000000000000000 120.60000000000000000000 0
 1351.00000000000000000000 1347.00000000000000000000 882.80000000000000000000 329.00000000000000000000 135.20000000000000000000 0
 1401.00000000000000000000 1397.00000000000000000000 893.60000000000000000000 364.00000000000000000000 139.40000000000000000000 0
 1451.00000000000000000000 1445.00000000000000000000 912.00000000000000000000 374.60000000000000000000 158.40000000000000000000 0
 1501.00000000000000000000 1495.00000000000000000000 911.00000000000000000000 409.00000000000000000000 175.00000000000000000000 0
 1551.00000000000000000000 1544.00000000000000000000 926.40000000000000000000 419.20000000000000000000 198.40000000000000000000 0
 1601.00000000000000000000 1596.00000000000000000000 958.20000000000000000000 427.80000000000000000000 210.00000000000000000000 0
 1651.00000000000000000000 1648.00000000000000000000 959.00000000000000000000 452.80000000000000000000 236.20000000000000000000 0
 1701.00000000000000000000 1697.00000000000000000000 1003.20000000000000000000 456.20000000000000000000 237.60000000000000000000 0
 1751.00000000000000000000 1745.00000000000000000000 996.60000000000000000000 487.40000000000000000000 261.00000000000000000000 0
 1801.00000000000000000000 1794.00000000000000000000 1001.60000000000000000000 500.80000000000000000000 291.60000000000000000000 0
 1851.00000000000000000000 1844.00000000000000000000 1002.80000000000000000000 521.60000000000000000000 319.60000000000000000000 0
 1901.00000000000000000000 1895.00000000000000000000 1026.80000000000000000000 533.40000000000000000000 334.80000000000000000000 0
 1951.00000000000000000000 1947.00000000000000000000 1029.80000000000000000000 566.80000000000000000000 350.40000000000000000000 0
 2001.00000000000000000000 1995.00000000000000000000 1044.60000000000000000000 572.80000000000000000000 377.60000000000000000000 0
 2051.00000000000000000000 2044.00000000000000000000 1055.40000000000000000000 583.20000000000000000000 405.40000000000000000000 0
 2101.00000000000000000000 2093.00000000000000000000 1049.00000000000000000000 613.80000000000000000000 430.20000000000000000000 0
 2151.00000000000000000000 2143.00000000000000000000 1072.00000000000000000000 616.40000000000000000000 454.60000000000000000000 0
 2201.00000000000000000000 2193.00000000000000000000 1062.60000000000000000000 645.60000000000000000000 484.80000000000000000000 0
 2251.00000000000000000000 2246.00000000000000000000 1065.40000000000000000000 661.80000000000000000000 518.80000000000000000000 0
 2301.00000000000000000000 2294.00000000000000000000 1095.00000000000000000000 667.60000000000000000000 531.40000000000000000000 0
 2351.00000000000000000000 2344.00000000000000000000 1086.20000000000000000000 700.20000000000000000000 557.60000000000000000000 0
 2401.00000000000000000000 2393.00000000000000000000 1104.60000000000000000000 703.00000000000000000000 585.40000000000000000000 0
 2451.00000000000000000000 2441.00000000000000000000 1095.80000000000000000000 730.00000000000000000000 615.20000000000000000000 0
 2501.00000000000000000000 2491.00000000000000000000 1101.40000000000000000000 751.60000000000000000000 638.00000000000000000000 0
