 1.00000000000000000000 1.00000000000000000000 1.00000000000000000000 0 0 0
 51.00000000000000000000 51.00000000000000000000 50.60000000000000000000 .40000000000000000000 0 0
 101.00000000000000000000 100.00000000000000000000 99.80000000000000000000 .20000000000000000000 0 0
 151.00000000000000000000 150.00000000000000000000 148.00000000000000000000 2.00000000000000000000 0 0
 201.00000000000000000000 199.00000000000000000000 195.20000000000000000000 3.80000000000000000000 0 0
 251.00000000000000000000 249.00000000000000000000 238.80000000000000000000 9.60000000000000000000 .60000000000000000000 0
 301.00000000000000000000 301.00000000000000000000 288.20000000000000000000 12.80000000000000000000 0 0
 351.00000000000000000000 349.00000000000000000000 327.60000000000000000000 21.20000000000000000000 .20000000000000000000 0
 401.00000000000000000000 401.00000000000000000000 376.80000000000000000000 24.00000000000000000000 .20000000000000000000 0
 451.00000000000000000000 448.00000000000000000000 418.00000000000000000000 29.60000000000000000000 .40000000000000000000 0
 501.00000000000000000000 498.00000000000000000000 463.20000000000000000000 33.80000000000000000000 1.00000000000000000000 0
 551.00000000000000000000 548.00000000000000000000 499.80000000000000000000 47.00000000000000000000 1.20000000000000000000 0
 601.00000000000000000000 598.00000000000000000000 545.40000000000000000000 50.60000000000000000000 2.00000000000000000000 0
 651.00000000000000000000 649.00000000000000000000 585.40000000000000000000 61.00000000000000000000 2.60000000000000000000 0
 701.00000000000000000000 699.00000000000000000000 627.80000000000000000000 69.40000000000000000000 1.80000000000000000000 0
 751.00000000000000000000 748.00000000000000000000 672.80000000000000000000 73.20000000000000000000 2.00000000000000000000 0
 801.00000000000000000000 799.00000000000000000000 710.60000000000000000000 82.80000000000000000000 5.60000000000000000000 0
 851.00000000000000000000 847.00000000000000000000 751.20000000000000000000 92.80000000000000000000 3.00000000000000000000 0
 901.00000000000000000000 896.00000000000000000000 785.20000000000000000000 104.60000000000000000000 6.20000000000000000000 0
 951.00000000000000000000 948.00000000000000000000 830.20000000000000000000 110.60000000000000000000 7.20000000000000000000 0
 1001.00000000000000000000 999.00000000000000000000 852.60000000000000000000 136.20000000000000000000 10.20000000000000000000 0
 1051.00000000000000000000 1048.00000000000000000000 900.80000000000000000000 135.00000000000000000000 12.20000000000000000000 0
 1101.00000000000000000000 1097.00000000000000000000 915.20000000000000000000 168.20000000000000000000 13.60000000000000000000 0
 1151.00000000000000000000 1147.00000000000000000000 956.60000000000000000000 173.20000000000000000000 17.20000000000000000000 0
 1201.00000000000000000000 1196.00000000000000000000 1000.20000000000000000000 177.60000000000000000000 18.20000000000000000000 0
 1251.00000000000000000000 1245.00000000000000000000 1019.60000000000000000000 204.00000000000000000000 21.40000000000000000000 0
 1301.00000000000000000000 1296.00000000000000000000 1050.20000000000000000000 218.20000000000000000000 27.60000000000000000000 0
 1351.00000000000000000000 1347.00000000000000000000 1090.40000000000000000000 227.60000000000000000000 29.00000000000000000000 0
 1401.00000000000000000000 1397.00000000000000000000 1131.20000000000000000000 235.00000000000000000000 30.80000000000000000000 0
 1451.00000000000000000000 1445.00000000000000000000 1161.00000000000000000000 244.80000000000000000000 39.20000000000000000000 0
 1501.00000000000000000000 1495.00000000000000000000 1183.20000000000000000000 268.40000000000000000000 43.40000000000000000000 0
 1551.00000000000000000000 1544.00000000000000000000 1197.20000000000000000000 299.00000000000000000000 47.80000000000000000000 0
 1601.00000000000000000000 1596.00000000000000000000 1246.40000000000000000000 297.20000000000000000000 52.40000000000000000000 0
 1651.00000000000000000000 1648.00000000000000000000 1263.60000000000000000000 324.00000000000000000000 60.40000000000000000000 0
 1701.00000000000000000000 1697.00000000000000000000 1309.80000000000000000000 329.00000000000000000000 58.20000000000000000000 0
 1751.00000000000000000000 1745.00000000000000000000 1351.60000000000000000000 331.00000000000000000000 62.40000000000000000000 0
 1801.00000000000000000000 1794.00000000000000000000 1344.00000000000000000000 369.00000000000000000000 81.00000000000000000000 0
 1851.00000000000000000000 1844.00000000000000000000 1375.20000000000000000000 380.40000000000000000000 88.40000000000000000000 0
 1901.00000000000000000000 1895.00000000000000000000 1413.40000000000000000000 390.00000000000000000000 91.60000000000000000000 0
 1951.00000000000000000000 1947.00000000000000000000 1432.40000000000000000000 417.00000000000000000000 97.60000000000000000000 0
 2001.00000000000000000000 1995.00000000000000000000 1453.20000000000000000000 422.80000000000000000000 119.00000000000000000000 0
 2051.00000000000000000000 2044.00000000000000000000 1487.00000000000000000000 438.40000000000000000000 118.60000000000000000000 0
 2101.00000000000000000000 2093.00000000000000000000 1497.60000000000000000000 469.00000000000000000000 126.40000000000000000000 0
 2151.00000000000000000000 2143.00000000000000000000 1523.20000000000000000000 477.40000000000000000000 142.40000000000000000000 0
 2201.00000000000000000000 2193.00000000000000000000 1543.40000000000000000000 500.80000000000000000000 148.80000000000000000000 0
 2251.00000000000000000000 2246.00000000000000000000 1558.00000000000000000000 531.40000000000000000000 156.60000000000000000000 0
 2301.00000000000000000000 2294.00000000000000000000 1596.40000000000000000000 529.80000000000000000000 167.80000000000000000000 0
 2351.00000000000000000000 2344.00000000000000000000 1622.00000000000000000000 560.40000000000000000000 161.60000000000000000000 0
 2401.00000000000000000000 2393.00000000000000000000 1630.00000000000000000000 577.20000000000000000000 185.80000000000000000000 0
 2451.00000000000000000000 2441.00000000000000000000 1648.00000000000000000000 595.20000000000000000000 197.80000000000000000000 0
 2501.00000000000000000000 2491.00000000000000000000 1679.80000000000000000000 607.00000000000000000000 204.20000000000000000000 0
