 1.00000000000000000000 1995.00000000000000000000 3.00000000000000000000 12.00000000000000000000 1980.00000000000000000000 0
 301.00000000000000000000 1995.00000000000000000000 1043.40000000000000000000 576.20000000000000000000 375.40000000000000000000 0
 601.00000000000000000000 1995.00000000000000000000 1460.20000000000000000000 434.00000000000000000000 100.80000000000000000000 0
 901.00000000000000000000 1995.00000000000000000000 1626.20000000000000000000 326.40000000000000000000 42.40000000000000000000 0 1801.00000000000000000000 1995.00000000000000000000 1792.80000000000000000000 194.80000000000000000000 7.40000000000000000000 0
 2701.00000000000000000000 1995.00000000000000000000 1861.00000000000000000000 130.80000000000000000000 3.20000000000000000000 0
 3601.00000000000000000000 1995.00000000000000000000 1888.00000000000000000000 105.00000000000000000000 2.00000000000000000000 0
 4501.00000000000000000000 1995.00000000000000000000 1901.20000000000000000000 93.00000000000000000000 .80000000000000000000 0
 5401.00000000000000000000 1995.00000000000000000000 1920.60000000000000000000 73.80000000000000000000 .60000000000000000000 0
 6301.00000000000000000000 1995.00000000000000000000 1939.40000000000000000000 55.20000000000000000000 .40000000000000000000 0
 7201.00000000000000000000 1995.00000000000000000000 1948.00000000000000000000 46.20000000000000000000 .80000000000000000000 0 10801.00000000000000000000 1995.00000000000000000000 1957.00000000000000000000 37.80000000000000000000 .20000000000000000000 0
 14401.00000000000000000000 1995.00000000000000000000 1964.60000000000000000000 30.40000000000000000000 0 0
 18001.00000000000000000000 1995.00000000000000000000 1972.80000000000000000000 22.20000000000000000000 0 0
 21601.00000000000000000000 1995.00000000000000000000 1979.20000000000000000000 15.80000000000000000000 0 0
 25201.00000000000000000000 1995.00000000000000000000 1978.20000000000000000000 16.80000000000000000000 0 0
 28801.00000000000000000000 1995.00000000000000000000 1977.00000000000000000000 18.00000000000000000000 0 0
 32401.00000000000000000000 1995.00000000000000000000 1980.60000000000000000000 14.40000000000000000000 0 0
 36001.00000000000000000000 1995.00000000000000000000 1985.40000000000000000000 9.60000000000000000000 0 0
 39601.00000000000000000000 1995.00000000000000000000 1984.60000000000000000000 10.40000000000000000000 0 0
 43201.00000000000000000000 1995.00000000000000000000 1986.60000000000000000000 8.40000000000000000000 0 0
 46801.00000000000000000000 1995.00000000000000000000 1987.00000000000000000000 8.00000000000000000000 0 0
 50401.00000000000000000000 1995.00000000000000000000 1988.80000000000000000000 6.20000000000000000000 0 0
 54001.00000000000000000000 1995.00000000000000000000 1990.40000000000000000000 4.60000000000000000000 0 0
 57601.00000000000000000000 1995.00000000000000000000 1987.40000000000000000000 7.60000000000000000000 0 0
 61201.00000000000000000000 1995.00000000000000000000 1987.20000000000000000000 7.80000000000000000000 0 0
 64801.00000000000000000000 1995.00000000000000000000 1988.80000000000000000000 6.20000000000000000000 0 0
 68401.00000000000000000000 1995.00000000000000000000 1988.80000000000000000000 6.20000000000000000000 0 0
 72001.00000000000000000000 1995.00000000000000000000 1989.80000000000000000000 5.20000000000000000000 0 0
 75601.00000000000000000000 1995.00000000000000000000 1989.60000000000000000000 5.40000000000000000000 0 0
 79201.00000000000000000000 1995.00000000000000000000 1990.60000000000000000000 4.40000000000000000000 0 0
 82801.00000000000000000000 1995.00000000000000000000 1988.20000000000000000000 6.80000000000000000000 0 0
