 1.00000000000000000000 1.00000000000000000000 1.00000000000000000000 0 0 0
 51.00000000000000000000 51.00000000000000000000 51.00000000000000000000 0 0 0
 101.00000000000000000000 100.00000000000000000000 100.00000000000000000000 0 0 0
 151.00000000000000000000 150.00000000000000000000 150.00000000000000000000 0 0 0
 201.00000000000000000000 199.00000000000000000000 197.80000000000000000000 1.20000000000000000000 0 0
 251.00000000000000000000 249.00000000000000000000 248.00000000000000000000 1.00000000000000000000 0 0
 301.00000000000000000000 301.00000000000000000000 297.00000000000000000000 4.00000000000000000000 0 0
 351.00000000000000000000 349.00000000000000000000 345.80000000000000000000 3.20000000000000000000 0 0
 401.00000000000000000000 401.00000000000000000000 396.80000000000000000000 4.20000000000000000000 0 0
 451.00000000000000000000 448.00000000000000000000 443.40000000000000000000 4.60000000000000000000 0 0
 501.00000000000000000000 498.00000000000000000000 492.20000000000000000000 5.80000000000000000000 0 0
 551.00000000000000000000 548.00000000000000000000 540.60000000000000000000 7.40000000000000000000 0 0
 601.00000000000000000000 598.00000000000000000000 591.00000000000000000000 7.00000000000000000000 0 0
 651.00000000000000000000 649.00000000000000000000 640.40000000000000000000 8.60000000000000000000 0 0
 701.00000000000000000000 699.00000000000000000000 689.80000000000000000000 9.20000000000000000000 0 0
 751.00000000000000000000 748.00000000000000000000 734.40000000000000000000 13.20000000000000000000 .40000000000000000000 0
 801.00000000000000000000 799.00000000000000000000 781.40000000000000000000 17.60000000000000000000 0 0
 851.00000000000000000000 847.00000000000000000000 828.20000000000000000000 18.80000000000000000000 0 0
 901.00000000000000000000 896.00000000000000000000 877.00000000000000000000 19.00000000000000000000 0 0
 951.00000000000000000000 948.00000000000000000000 923.20000000000000000000 24.60000000000000000000 .20000000000000000000 0
 1001.00000000000000000000 999.00000000000000000000 970.40000000000000000000 28.40000000000000000000 .20000000000000000000 0
 1051.00000000000000000000 1048.00000000000000000000 1020.40000000000000000000 27.60000000000000000000 0 0
 1101.00000000000000000000 1097.00000000000000000000 1067.80000000000000000000 29.20000000000000000000 0 0
 1151.00000000000000000000 1147.00000000000000000000 1111.20000000000000000000 35.60000000000000000000 .20000000000000000000 0
 1201.00000000000000000000 1196.00000000000000000000 1166.60000000000000000000 29.40000000000000000000 0 0
 1251.00000000000000000000 1245.00000000000000000000 1204.80000000000000000000 39.80000000000000000000 .40000000000000000000 0
 1301.00000000000000000000 1296.00000000000000000000 1261.40000000000000000000 34.60000000000000000000 0 0
 1351.00000000000000000000 1347.00000000000000000000 1300.40000000000000000000 46.20000000000000000000 .40000000000000000000 0
 1401.00000000000000000000 1397.00000000000000000000 1350.20000000000000000000 46.60000000000000000000 .20000000000000000000 0
 1451.00000000000000000000 1445.00000000000000000000 1389.20000000000000000000 55.20000000000000000000 .60000000000000000000 0
 1501.00000000000000000000 1495.00000000000000000000 1442.80000000000000000000 52.20000000000000000000 0 0
 1551.00000000000000000000 1544.00000000000000000000 1484.80000000000000000000 58.80000000000000000000 .40000000000000000000 0
 1601.00000000000000000000 1596.00000000000000000000 1537.40000000000000000000 58.40000000000000000000 .20000000000000000000 0
 1651.00000000000000000000 1648.00000000000000000000 1586.80000000000000000000 61.00000000000000000000 .20000000000000000000 0
 1701.00000000000000000000 1697.00000000000000000000 1626.60000000000000000000 70.20000000000000000000 .20000000000000000000 0
 1751.00000000000000000000 1745.00000000000000000000 1671.80000000000000000000 72.20000000000000000000 1.00000000000000000000 0
 1801.00000000000000000000 1794.00000000000000000000 1709.20000000000000000000 83.80000000000000000000 1.00000000000000000000 0
 1851.00000000000000000000 1844.00000000000000000000 1759.40000000000000000000 84.40000000000000000000 .20000000000000000000 0
 1901.00000000000000000000 1895.00000000000000000000 1794.00000000000000000000 100.40000000000000000000 .60000000000000000000 0
 1951.00000000000000000000 1947.00000000000000000000 1855.20000000000000000000 91.20000000000000000000 .60000000000000000000 0
 2001.00000000000000000000 1995.00000000000000000000 1874.60000000000000000000 118.00000000000000000000 2.40000000000000000000 0
 2051.00000000000000000000 2044.00000000000000000000 1937.60000000000000000000 104.40000000000000000000 2.00000000000000000000 0
 2101.00000000000000000000 2093.00000000000000000000 1981.40000000000000000000 110.00000000000000000000 1.60000000000000000000 0
 2151.00000000000000000000 2143.00000000000000000000 2025.00000000000000000000 116.60000000000000000000 1.40000000000000000000 0
 2201.00000000000000000000 2193.00000000000000000000 2075.00000000000000000000 116.20000000000000000000 1.80000000000000000000 0
 2251.00000000000000000000 2246.00000000000000000000 2117.40000000000000000000 126.80000000000000000000 1.80000000000000000000 0
 2301.00000000000000000000 2294.00000000000000000000 2154.60000000000000000000 137.40000000000000000000 2.00000000000000000000 0
 2351.00000000000000000000 2344.00000000000000000000 2207.40000000000000000000 134.40000000000000000000 2.20000000000000000000 0
 2401.00000000000000000000 2393.00000000000000000000 2242.00000000000000000000 148.60000000000000000000 2.40000000000000000000 0
 2451.00000000000000000000 2441.00000000000000000000 2283.00000000000000000000 155.00000000000000000000 3.00000000000000000000 0
 2501.00000000000000000000 2491.00000000000000000000 2333.80000000000000000000 155.60000000000000000000 1.60000000000000000000 0
