2 100 .09000000000000000000 .96251660000000000000
2 100 .10000000000000000000 .96868450000000000000
2 150 0 .95287340000000000000
2 150 .01000000000000000000 .96006460000000000000
2 150 .02000000000000000000 .95742240000000000000
2 150 .03000000000000000000 .96308720000000000000
2 150 .04000000000000000000 .96465130000000000000
2 150 .05000000000000000000 .96018780000000000000
2 150 .06000000000000000000 .95634140000000000000
2 150 .07000000000000000000 .96116440000000000000
2 150 .08000000000000000000 .96548100000000000000
2 150 .09000000000000000000 .96316310000000000000
2 150 .10000000000000000000 .95620940000000000000
2 200 0 .95950860000000000000
2 200 .01000000000000000000 .95959270000000000000
2 200 .02000000000000000000 .95408180000000000000
2 200 .03000000000000000000 .95819510000000000000
2 200 .04000000000000000000 .95702010000000000000
2 200 .05000000000000000000 .95917580000000000000
2 200 .06000000000000000000 .96448000000000000000
2 200 .07000000000000000000 .95853520000000000000
2 200 .08000000000000000000 .96377000000000000000
2 200 .09000000000000000000 .96247750000000000000
2 200 .10000000000000000000 .96395520000000000000
2 250 0 .95663980000000000000
2 250 .01000000000000000000 .96144420000000000000
2 250 .02000000000000000000 .95900120000000000000
2 250 .03000000000000000000 .96247620000000000000
2 250 .04000000000000000000 .95787040000000000000
2 250 .05000000000000000000 .96309260000000000000
2 250 .06000000000000000000 .96027420000000000000
2 250 .07000000000000000000 .95434710000000000000
2 250 .08000000000000000000 .96086960000000000000
2 250 .09000000000000000000 .96403940000000000000
2 250 .10000000000000000000 .96726080000000000000
2 300 0 .95625010000000000000
2 300 .01000000000000000000 .96068080000000000000
2 300 .02000000000000000000 .96169460000000000000
2 300 .03000000000000000000 .96339290000000000000
2 300 .04000000000000000000 .96363540000000000000
2 300 .05000000000000000000 .95710990000000000000
2 300 .06000000000000000000 .95789160000000000000
2 300 .07000000000000000000 .96285230000000000000
2 300 .08000000000000000000 .95873630000000000000
2 300 .09000000000000000000 .96315510000000000000
2 300 .10000000000000000000 .96067420000000000000
2 350 0 .96062610000000000000
2 350 .01000000000000000000 .95565290000000000000
2 350 .02000000000000000000 .96095430000000000000
2 350 .03000000000000000000 .96288890000000000000
2 350 .04000000000000000000 .95907340000000000000
2 350 .05000000000000000000 .95542280000000000000
2 350 .06000000000000000000 .95858520000000000000
2 350 .07000000000000000000 .95617590000000000000
2 350 .08000000000000000000 .95844600000000000000
2 350 .09000000000000000000 .95550570000000000000
2 350 .10000000000000000000 .95839690000000000000
2 400 0 .96074820000000000000
2 400 .01000000000000000000 .96066960000000000000
2 400 .02000000000000000000 .95591410000000000000
2 400 .03000000000000000000 .96083410000000000000
2 400 .04000000000000000000 .96466890000000000000
2 400 .05000000000000000000 .95908370000000000000
2 400 .06000000000000000000 .96230380000000000000
2 400 .07000000000000000000 .95885420000000000000
2 400 .08000000000000000000 .95983450000000000000
2 400 .09000000000000000000 .95818780000000000000
2 400 .10000000000000000000 .96340990000000000000
2 450 0 .95859130000000000000
2 450 .01000000000000000000 .96346970000000000000
2 450 .02000000000000000000 .95951750000000000000
2 450 .03000000000000000000 .96087210000000000000
2 450 .04000000000000000000 .96010080000000000000
2 450 .05000000000000000000 .95736470000000000000
2 450 .06000000000000000000 .96146580000000000000
2 450 .07000000000000000000 .95519570000000000000
2 450 .08000000000000000000 .95939460000000000000
2 450 .09000000000000000000 .96131930000000000000
2 450 .10000000000000000000 .95639020000000000000
2 500 0 .95842840000000000000
2 500 .01000000000000000000 .96129560000000000000
2 500 .02000000000000000000 .96204780000000000000
2 500 .03000000000000000000 .96369170000000000000
2 500 .04000000000000000000 .95643040000000000000
2 500 .05000000000000000000 .96353980000000000000
2 500 .06000000000000000000 .96180040000000000000
2 500 .07000000000000000000 .95500490000000000000
2 500 .08000000000000000000 .95883720000000000000
2 500 .09000000000000000000 .95982100000000000000
2 500 .10000000000000000000 .96360130000000000000
2 550 0 .95775530000000000000
2 550 .01000000000000000000 .96101430000000000000
2 550 .02000000000000000000 .95672560000000000000
2 550 .03000000000000000000 .95524930000000000000
2 550 .04000000000000000000 .96028470000000000000
2 550 .05000000000000000000 .95839010000000000000
2 550 .06000000000000000000 .95669840000000000000
2 550 .07000000000000000000 .95817370000000000000
2 550 .08000000000000000000 .95757430000000000000
2 550 .09000000000000000000 .95591060000000000000
2 550 .10000000000000000000 .95933900000000000000
2 600 0 .96044240000000000000
2 600 .01000000000000000000 .96040510000000000000
2 600 .02000000000000000000 .96387050000000000000
2 600 .03000000000000000000 .95781070000000000000
2 600 .04000000000000000000 .96191510000000000000
2 600 .05000000000000000000 .96209740000000000000
2 600 .06000000000000000000 .95594120000000000000
2 600 .07000000000000000000 .95753840000000000000
2 600 .08000000000000000000 .96159840000000000000
2 600 .09000000000000000000 .96152910000000000000
2 600 .10000000000000000000 .95944850000000000000
2 650 0 .95764350000000000000
2 650 .01000000000000000000 .95725180000000000000
2 650 .02000000000000000000 .95405250000000000000
2 650 .03000000000000000000 .95960950000000000000
2 650 .04000000000000000000 .95718320000000000000
2 650 .05000000000000000000 .95692800000000000000
2 650 .06000000000000000000 .96061570000000000000
2 650 .07000000000000000000 .95361460000000000000
2 650 .08000000000000000000 .95561930000000000000
