8 100 .04000000000000000000 .96414030000000000000
8 100 .05000000000000000000 .95977760000000000000
8 100 .06000000000000000000 .94849950000000000000
8 100 .07000000000000000000 .96551150000000000000
8 100 .08000000000000000000 .95952170000000000000
8 100 .09000000000000000000 .96381660000000000000
8 100 .10000000000000000000 .96047140000000000000
8 150 0 .96427330000000000000
8 150 .01000000000000000000 .96695100000000000000
8 150 .02000000000000000000 .95948180000000000000
8 150 .03000000000000000000 .96437380000000000000
8 150 .04000000000000000000 .95766330000000000000
8 150 .05000000000000000000 .95111800000000000000
8 150 .06000000000000000000 .96336570000000000000
8 150 .07000000000000000000 .96136740000000000000
8 150 .08000000000000000000 .95625500000000000000
8 150 .09000000000000000000 .95990650000000000000
8 150 .10000000000000000000 .96415470000000000000
8 200 0 .95941650000000000000
8 200 .01000000000000000000 .96459560000000000000
8 200 .02000000000000000000 .95687180000000000000
8 200 .03000000000000000000 .96585930000000000000
8 200 .04000000000000000000 .96456060000000000000
8 200 .05000000000000000000 .96029980000000000000
8 200 .06000000000000000000 .96097430000000000000
8 200 .07000000000000000000 .96265140000000000000
8 200 .08000000000000000000 .95972290000000000000
8 200 .09000000000000000000 .95799330000000000000
8 200 .10000000000000000000 .96661270000000000000
8 250 0 .96206520000000000000
8 250 .01000000000000000000 .96318450000000000000
8 250 .02000000000000000000 .95638720000000000000
8 250 .03000000000000000000 .95826860000000000000
8 250 .04000000000000000000 .95929090000000000000
8 250 .05000000000000000000 .96286940000000000000
8 250 .06000000000000000000 .96592230000000000000
8 250 .07000000000000000000 .95833860000000000000
8 250 .08000000000000000000 .96365540000000000000
8 250 .09000000000000000000 .96497630000000000000
8 250 .10000000000000000000 .95772800000000000000
8 300 0 .96439610000000000000
8 300 .01000000000000000000 .96086120000000000000
8 300 .02000000000000000000 .95553400000000000000
8 300 .03000000000000000000 .96261830000000000000
8 300 .04000000000000000000 .95712430000000000000
8 300 .05000000000000000000 .96199410000000000000
8 300 .06000000000000000000 .96246510000000000000
8 300 .07000000000000000000 .95909040000000000000
8 300 .08000000000000000000 .96056140000000000000
8 300 .09000000000000000000 .96167720000000000000
8 300 .10000000000000000000 .96383670000000000000
8 350 0 .96767010000000000000
8 350 .01000000000000000000 .95641120000000000000
8 350 .02000000000000000000 .95746870000000000000
8 350 .03000000000000000000 .95959880000000000000
8 350 .04000000000000000000 .95720060000000000000
8 350 .05000000000000000000 .96612370000000000000
8 350 .06000000000000000000 .96384080000000000000
8 350 .07000000000000000000 .96290170000000000000
8 350 .08000000000000000000 .95931010000000000000
8 350 .09000000000000000000 .95942740000000000000
8 350 .10000000000000000000 .96244710000000000000
8 400 0 .95956470000000000000
8 400 .01000000000000000000 .96199150000000000000
8 400 .02000000000000000000 .95925700000000000000
8 400 .03000000000000000000 .96438150000000000000
8 400 .04000000000000000000 .95998590000000000000
8 400 .05000000000000000000 .96244590000000000000
8 400 .06000000000000000000 .96093250000000000000
8 400 .07000000000000000000 .95668290000000000000
8 400 .08000000000000000000 .95976780000000000000
8 400 .09000000000000000000 .96217290000000000000
8 400 .10000000000000000000 .96345880000000000000
8 450 0 .96012120000000000000
8 450 .01000000000000000000 .95951320000000000000
8 450 .02000000000000000000 .95826220000000000000
8 450 .03000000000000000000 .95969930000000000000
8 450 .04000000000000000000 .95610870000000000000
8 450 .05000000000000000000 .96097960000000000000
8 450 .06000000000000000000 .96042810000000000000
8 450 .07000000000000000000 .95591170000000000000
8 450 .08000000000000000000 .96109630000000000000
8 450 .09000000000000000000 .95639510000000000000
8 450 .10000000000000000000 .96359860000000000000
8 500 0 .95493680000000000000
8 500 .01000000000000000000 .96356050000000000000
8 500 .02000000000000000000 .95749980000000000000
8 500 .03000000000000000000 .95623990000000000000
8 500 .04000000000000000000 .95979520000000000000
8 500 .05000000000000000000 .95873110000000000000
8 500 .06000000000000000000 .96011120000000000000
8 500 .07000000000000000000 .95786960000000000000
8 500 .08000000000000000000 .95465920000000000000
8 500 .09000000000000000000 .96221350000000000000
8 500 .10000000000000000000 .95859510000000000000
8 550 0 .96083150000000000000
8 550 .01000000000000000000 .95716700000000000000
8 550 .02000000000000000000 .96037640000000000000
8 550 .03000000000000000000 .95478130000000000000
8 550 .04000000000000000000 .95828560000000000000
8 550 .05000000000000000000 .95728280000000000000
8 550 .06000000000000000000 .96241180000000000000
8 550 .07000000000000000000 .96000530000000000000
8 550 .08000000000000000000 .95674960000000000000
8 550 .09000000000000000000 .95684940000000000000
8 550 .10000000000000000000 .95857700000000000000
8 600 0 .95832990000000000000
8 600 .01000000000000000000 .95816180000000000000
8 600 .02000000000000000000 .95631150000000000000
8 600 .03000000000000000000 .95865550000000000000
8 600 .04000000000000000000 .96085050000000000000
8 600 .05000000000000000000 .95986720000000000000
8 600 .06000000000000000000 .96047390000000000000
8 600 .07000000000000000000 .95951800000000000000
8 600 .08000000000000000000 .95929120000000000000
8 600 .09000000000000000000 .95925780000000000000
8 600 .10000000000000000000 .95700490000000000000
8 650 0 .95534130000000000000
8 650 .01000000000000000000 .96105570000000000000
8 650 .02000000000000000000 .95703890000000000000
8 650 .03000000000000000000 .96040710000000000000
8 650 .04000000000000000000 .95891690000000000000
8 650 .05000000000000000000 .95852590000000000000
8 650 .06000000000000000000 .96202990000000000000
