8 100 0 .95824900000000000000
8 100 .10000000000000000000 .96348030000000000000
8 100 .20000000000000000000 .96937890000000000000
8 100 .30000000000000000000 .97275490000000000000
8 100 .40000000000000000000 .96582560000000000000
8 100 .50000000000000000000 .95587130000000000000
8 100 .60000000000000000000 .95138660000000000000
8 100 .70000000000000000000 .97206700000000000000
8 100 .80000000000000000000 .96387390000000000000
8 100 .90000000000000000000 .97707980000000000000
8 100 1.00000000000000000000 .97285450000000000000
8 600 0 .95917960000000000000
8 600 .10000000000000000000 .95749190000000000000
8 600 .20000000000000000000 .95539830000000000000
8 600 .30000000000000000000 .95597900000000000000
8 600 .40000000000000000000 .95640140000000000000
8 600 .50000000000000000000 .95315260000000000000
8 600 .60000000000000000000 .96259750000000000000
8 600 .70000000000000000000 .96616160000000000000
8 600 .80000000000000000000 .97192610000000000000
8 600 .90000000000000000000 .97226040000000000000
8 600 1.00000000000000000000 .97737520000000000000
8 1100 0 .95831390000000000000
8 1100 .10000000000000000000 .95427330000000000000
8 1100 .20000000000000000000 .95129090000000000000
8 1100 .30000000000000000000 .94067100000000000000
8 1100 .40000000000000000000 .94197970000000000000
8 1100 .50000000000000000000 .94088660000000000000
8 1100 .60000000000000000000 .93644400000000000000
8 1100 .70000000000000000000 .93034280000000000000
8 1100 .80000000000000000000 .91111170000000000000
8 1100 .90000000000000000000 .89965560000000000000
8 1100 1.00000000000000000000 .87146560000000000000
8 1600 0 .95391350000000000000
