1 100 0 .96245990000000000000
1 100 .10000000000000000000 .94558130000000000000
1 100 .20000000000000000000 .93740670000000000000
1 100 .30000000000000000000 .93129760000000000000
1 100 .40000000000000000000 .90111720000000000000
1 100 .50000000000000000000 .90269730000000000000
1 100 .60000000000000000000 .88470620000000000000
1 100 .70000000000000000000 .86635590000000000000
1 100 .80000000000000000000 .82604850000000000000
1 100 .90000000000000000000 .85614160000000000000
1 100 1.00000000000000000000 .81894920000000000000
1 300 0 .95816770000000000000
1 300 .10000000000000000000 .95150330000000000000
1 300 .20000000000000000000 .93114360000000000000
1 300 .30000000000000000000 .91300550000000000000
1 300 .40000000000000000000 .90327820000000000000
1 300 .50000000000000000000 .88044850000000000000
1 300 .60000000000000000000 .86767260000000000000
1 300 .70000000000000000000 .85282500000000000000
1 300 .80000000000000000000 .82400870000000000000
1 300 .90000000000000000000 .79965690000000000000
1 300 1.00000000000000000000 .79992080000000000000
1 500 0 .95697610000000000000
1 500 .10000000000000000000 .94708250000000000000
1 500 .20000000000000000000 .92429730000000000000
1 500 .30000000000000000000 .91279190000000000000
1 500 .40000000000000000000 .89433360000000000000
1 500 .50000000000000000000 .86474410000000000000
1 500 .60000000000000000000 .84393200000000000000
1 500 .70000000000000000000 .80745510000000000000
1 500 .80000000000000000000 .78368750000000000000
1 500 .90000000000000000000 .76715750000000000000
1 500 1.00000000000000000000 .72933340000000000000
1 700 0 .95702740000000000000
1 700 .10000000000000000000 .94189140000000000000
1 700 .20000000000000000000 .92238730000000000000
1 700 .30000000000000000000 .91177370000000000000
1 700 .40000000000000000000 .88330740000000000000
1 700 .50000000000000000000 .84759210000000000000
1 700 .60000000000000000000 .83051120000000000000
1 700 .70000000000000000000 .79050970000000000000
1 700 .80000000000000000000 .75744460000000000000
1 700 .90000000000000000000 .71327810000000000000
1 700 1.00000000000000000000 .67936710000000000000
1 900 0 .96201370000000000000
1 900 .10000000000000000000 .94452160000000000000
1 900 .20000000000000000000 .92152740000000000000
1 900 .30000000000000000000 .89597680000000000000
1 900 .40000000000000000000 .86403360000000000000
1 900 .50000000000000000000 .83882520000000000000
1 900 .60000000000000000000 .80053580000000000000
1 900 .70000000000000000000 .76442310000000000000
1 900 .80000000000000000000 .71597650000000000000
1 900 .90000000000000000000 .67732460000000000000
1 900 1.00000000000000000000 .62409030000000000000
1 1100 0 .95778400000000000000
1 1100 .10000000000000000000 .93959620000000000000
1 1100 .20000000000000000000 .91515860000000000000
1 1100 .30000000000000000000 .88877480000000000000
1 1100 .40000000000000000000 .84476010000000000000
1 1100 .50000000000000000000 .81954690000000000000
1 1100 .60000000000000000000 .77755530000000000000
1 1100 .70000000000000000000 .72711730000000000000
1 1100 .80000000000000000000 .68777620000000000000
1 1100 .90000000000000000000 .64038350000000000000
1 1100 1.00000000000000000000 .59121100000000000000
