2 100 0 .96096450000000000000
2 100 .10000000000000000000 .94475880000000000000
2 100 .20000000000000000000 .93945110000000000000
2 100 .30000000000000000000 .93961680000000000000
2 100 .40000000000000000000 .92763480000000000000
2 100 .50000000000000000000 .92089640000000000000
2 100 .60000000000000000000 .91220920000000000000
2 100 .70000000000000000000 .91480280000000000000
2 100 .80000000000000000000 .89721310000000000000
2 100 .90000000000000000000 .91385260000000000000
2 100 1.00000000000000000000 .89960980000000000000
2 300 0 .96242130000000000000
2 300 .10000000000000000000 .95044460000000000000
2 300 .20000000000000000000 .93987330000000000000
2 300 .30000000000000000000 .94240060000000000000
2 300 .40000000000000000000 .93217120000000000000
2 300 .50000000000000000000 .92939010000000000000
2 300 .60000000000000000000 .91227770000000000000
2 300 .70000000000000000000 .90440860000000000000
2 300 .80000000000000000000 .90612460000000000000
2 300 .90000000000000000000 .89295600000000000000
2 300 1.00000000000000000000 .88499180000000000000
2 500 0 .96173140000000000000
2 500 .10000000000000000000 .95688430000000000000
2 500 .20000000000000000000 .94010510000000000000
2 500 .30000000000000000000 .93249490000000000000
2 500 .40000000000000000000 .92115530000000000000
2 500 .50000000000000000000 .91862380000000000000
2 500 .60000000000000000000 .90893840000000000000
2 500 .70000000000000000000 .89051050000000000000
2 500 .80000000000000000000 .87358650000000000000
2 500 .90000000000000000000 .86580700000000000000
2 500 1.00000000000000000000 .84239460000000000000
2 700 0 .96158780000000000000
2 700 .10000000000000000000 .95165690000000000000
2 700 .20000000000000000000 .94120720000000000000
2 700 .30000000000000000000 .92925300000000000000
2 700 .40000000000000000000 .91481030000000000000
2 700 .50000000000000000000 .90248010000000000000
2 700 .60000000000000000000 .88384310000000000000
2 700 .70000000000000000000 .87507070000000000000
2 700 .80000000000000000000 .85081260000000000000
2 700 .90000000000000000000 .82312380000000000000
2 700 1.00000000000000000000 .80188680000000000000
2 900 0 .95863920000000000000
2 900 .10000000000000000000 .94679060000000000000
2 900 .20000000000000000000 .93755460000000000000
2 900 .30000000000000000000 .91992990000000000000
2 900 .40000000000000000000 .90482820000000000000
2 900 .50000000000000000000 .88654600000000000000
2 900 .60000000000000000000 .86507780000000000000
2 900 .70000000000000000000 .84382450000000000000
2 900 .80000000000000000000 .81468790000000000000
2 900 .90000000000000000000 .76725240000000000000
2 900 1.00000000000000000000 .74903590000000000000
2 1100 0 .95656430000000000000
2 1100 .10000000000000000000 .94774120000000000000
2 1100 .20000000000000000000 .93168460000000000000
2 1100 .30000000000000000000 .91375000000000000000
2 1100 .40000000000000000000 .89585610000000000000
2 1100 .50000000000000000000 .87712080000000000000
2 1100 .60000000000000000000 .83886030000000000000
2 1100 .70000000000000000000 .81344890000000000000
