4 100 0 .96798590000000000000
4 100 .10000000000000000000 .96208530000000000000
4 100 .20000000000000000000 .96394100000000000000
4 100 .30000000000000000000 .95120190000000000000
4 100 .40000000000000000000 .96475860000000000000
4 100 .50000000000000000000 .94899940000000000000
4 100 .60000000000000000000 .94651370000000000000
4 100 .70000000000000000000 .94449010000000000000
4 100 .80000000000000000000 .94574300000000000000
4 100 .90000000000000000000 .93800090000000000000
4 100 1.00000000000000000000 .94862170000000000000
4 600 0 .96392480000000000000
4 600 .10000000000000000000 .95750850000000000000
4 600 .20000000000000000000 .94871460000000000000
4 600 .30000000000000000000 .94685710000000000000
4 600 .40000000000000000000 .94173330000000000000
4 600 .50000000000000000000 .94056110000000000000
4 600 .60000000000000000000 .93954860000000000000
4 600 .70000000000000000000 .93349020000000000000
4 600 .80000000000000000000 .93328430000000000000
4 600 .90000000000000000000 .92982430000000000000
4 600 1.00000000000000000000 .91591770000000000000
4 1100 0 .96010110000000000000
4 1100 .10000000000000000000 .95278910000000000000
4 1100 .20000000000000000000 .94338940000000000000
4 1100 .30000000000000000000 .93442450000000000000
4 1100 .40000000000000000000 .92853970000000000000
4 1100 .50000000000000000000 .91162810000000000000
4 1100 .60000000000000000000 .90213450000000000000
4 1100 .70000000000000000000 .88285800000000000000
4 1100 .80000000000000000000 .85140530000000000000
4 1100 .90000000000000000000 .82178170000000000000
4 1100 1.00000000000000000000 .78515770000000000000
4 1600 0 .95719830000000000000
4 1600 .10000000000000000000 .94531210000000000000
